training-faisal-bd-validation
18 9161.19 -3106.42
18 9141.51 -3185.38
18 9023.4 -3185.38
18 9003.71 -3106.42
18 8800.2 -2840.65
18 8740.2 -2840.65
18 8826.54 -3252.45
18 8846.23 -3326.41
18 8501.23 -1888.31
18 8441.23 -1888.31
18 6360 -2640
18 6300 -2640
18 3444.58 399.57
18 3444.58 422.47
18 3444.58 -2100.43
18 3444.58 -2077.53
18 1869.78 399.57
18 1869.78 422.47
18 1869.78 -2100.43
18 1869.78 -2077.53
18 294.98 399.57
18 294.98 422.47
18 294.98 -2100.43
18 294.98 -2077.53
18 -1279.82 399.57
18 -1279.82 422.47
18 -1279.82 -2100.43
18 -1279.82 -2077.53
18 -2854.62 399.57
18 -2854.62 422.47
18 -2854.62 -2100.43
18 -2854.62 -2077.53
18 -4429.42 399.57
18 -4429.42 422.47
18 -4429.42 -2100.43
18 -4429.42 -2077.53
20 9141.51 -2365.38
20 9161.19 -2286.42
20 9200.56 -3106.42
20 9180.88 -3185.38
20 8984.03 -2432.45
20 8964.34 -2508.91
20 9003.71 -3326.41
20 9023.4 -3252.45
20 8846.23 -2508.91
20 8826.54 -2432.45
20 8787.17 -3252.45
20 8806.86 -3326.41
20 8541.81 -2609.01
20 8601.81 -2609.01
20 6900 540
20 6840 540
20 6780 420
20 6780 540
20 6720 420
20 6720 540
20 6540 -2280
20 6420 -1500
20 6480 -1500
20 6480 -2280
20 3304.68 399.57
20 3304.68 422.47
20 3304.68 -2100.43
20 3304.68 -2077.53
20 1729.88 399.57
20 1729.88 422.47
20 1729.88 -2100.43
20 1729.88 -2077.53
20 155.08 399.57
20 155.08 422.47
20 155.08 -2100.43
20 155.08 -2077.53
20 -1419.72 399.57
20 -1419.72 422.47
20 -1419.72 -2100.43
20 -1419.72 -2077.53
20 -2994.52 399.57
20 -2994.52 422.47
20 -2994.52 -2100.43
20 -2994.52 -2077.53
20 -4569.32 399.57
20 -4569.32 422.47
20 -4569.32 -2100.43
20 -4569.32 -2077.53
22 4190.45 1667.45
22 4167.55 1667.45
22 4167.55 -832.54
22 4190.45 -832.54
22 2615.65 1667.45
22 2592.75 1667.45
22 2592.75 -832.54
22 2615.65 -832.54
22 1040.85 1667.45
22 1017.95 1667.45
22 1017.95 -832.54
22 1040.85 -832.54
22 -533.95 1667.45
22 -556.85 1667.45
22 -556.85 -832.54
22 -533.95 -832.54
22 -2108.75 1667.45
22 -2131.65 1667.45
22 -2131.65 -832.54
22 -2108.75 -832.54
22 -3683.55 1667.45
22 -3706.45 1667.45
22 -3683.55 -832.54
22 -3706.45 -832.54
24 9200.56 -2286.42
24 9180.88 -2365.38
24 7080 540
24 7020 540
24 4310.2 1941.46
24 4310.16 1918.56
24 4200.76 1177.58
24 4310.2 -558.54
24 4310.16 -581.44
24 4200.76 -1322.42
24 4158.24 1918.63
24 4158.27 1941.53
24 4009.42 1478.4
24 3998.28 1489.54
24 4156.19 1177.58
24 4167.33 1188.72
24 4189.62 1166.43
24 4158.24 -581.36
24 4158.27 -558.46
24 4009.42 -1021.59
24 3998.28 -1010.45
24 4167.33 -1311.28
24 4156.19 -1322.42
24 4189.62 -1333.56
24 3907.08 2161.06
24 3907.05 2138.16
24 3855.9 2138.23
24 3855.93 2161.13
24 3964.85 1456.12
24 3953.71 1444.98
24 3907.05 -361.84
24 3907.08 -338.94
24 3855.93 -338.86
24 3855.9 -361.76
24 3953.71 -1055.02
24 3964.85 -1043.88
24 3241.77 422.47
24 3241.77 399.57
24 3241.77 -2077.53
24 3241.77 -2100.43
24 2735.4 1941.46
24 2735.36 1918.56
24 2735.4 -558.54
24 2735.36 -581.44
24 2583.44 1918.63
24 2583.47 1941.53
24 2625.96 1177.58
24 2614.82 1166.43
24 2592.53 1188.72
24 2581.39 1177.58
24 2583.44 -581.36
24 2583.47 -558.46
24 2625.96 -1322.42
24 2592.53 -1311.28
24 2581.39 -1322.42
24 2614.82 -1333.56
24 2332.28 2161.06
24 2332.25 2138.16
24 2378.91 1444.98
24 2423.48 1489.54
24 2434.62 1478.4
24 2390.05 1456.12
24 2332.25 -361.84
24 2332.28 -338.94
24 2390.05 -1043.88
24 2378.91 -1055.02
24 2434.62 -1021.59
24 2423.48 -1010.45
24 2281.1 2138.23
24 2281.13 2161.13
24 2281.13 -338.86
24 2281.1 -361.76
24 1666.97 422.47
24 1666.97 399.57
24 1666.97 -2077.53
24 1666.97 -2100.43
24 1008.64 1918.63
24 1008.67 1941.53
24 1160.6 1941.46
24 1160.56 1918.56
24 1017.73 1188.72
24 1051.16 1177.58
24 1040.02 1166.43
24 1160.6 -558.54
24 1160.56 -581.44
24 1008.64 -581.36
24 1008.67 -558.46
24 1051.16 -1322.42
24 1017.73 -1311.28
24 1040.02 -1333.56
24 804.11 1444.98
24 815.25 1456.12
24 848.68 1489.54
24 859.82 1478.4
24 1006.59 1177.58
24 848.68 -1010.45
24 804.11 -1055.02
24 859.82 -1021.59
24 815.25 -1043.88
24 1006.59 -1322.42
24 757.48 2161.06
24 757.45 2138.16
24 706.3 2138.23
24 706.33 2161.13
24 706.3 -361.76
24 706.33 -338.86
24 757.48 -338.94
24 757.45 -361.84
24 92.17 422.47
24 92.17 399.57
24 92.17 -2077.53
24 92.17 -2100.43
24 -414.2 1941.46
24 -414.24 1918.56
24 -414.2 -558.54
24 -414.24 -581.44
24 -566.16 1918.63
24 -566.13 1941.53
24 -568.21 1177.58
24 -557.07 1188.72
24 -523.64 1177.58
24 -534.78 1166.43
24 -566.16 -581.36
24 -566.13 -558.46
24 -523.64 -1322.42
24 -557.07 -1311.28
24 -568.21 -1322.42
24 -534.78 -1333.56
24 -817.32 2161.06
24 -817.35 2138.16
24 -868.5 2138.23
24 -868.47 2161.13
24 -759.55 1456.12
24 -770.69 1444.98
24 -714.98 1478.4
24 -726.12 1489.54
24 -868.5 -361.76
24 -868.47 -338.86
24 -817.32 -338.94
24 -817.35 -361.84
24 -726.12 -1010.45
24 -770.69 -1055.02
24 -759.55 -1043.88
24 -714.98 -1021.59
24 -1482.63 422.47
24 -1482.63 399.57
24 -1482.63 -2077.53
24 -1482.63 -2100.43
24 -1989.04 1918.56
24 -1989 1941.46
24 -2140.93 1941.53
24 -2140.96 1918.63
24 -2098.44 1177.58
24 -2109.58 1166.43
24 -2143.01 1177.58
24 -2131.87 1188.72
24 -1989.04 -581.44
24 -1989 -558.54
24 -2140.93 -558.46
24 -2140.96 -581.36
24 -2098.44 -1322.42
24 -2131.87 -1311.28
24 -2143.01 -1322.42
24 -2109.58 -1333.56
24 -2345.49 1444.98
24 -2300.92 1489.54
24 -2334.35 1456.12
24 -2289.78 1478.4
24 -2300.92 -1010.45
24 -2345.49 -1055.02
24 -2289.78 -1021.59
24 -2334.35 -1043.88
24 -2443.27 2161.13
24 -2443.3 2138.23
24 -2392.15 2138.16
24 -2392.12 2161.06
24 -2443.27 -338.86
24 -2443.3 -361.76
24 -2392.15 -361.84
24 -2392.12 -338.94
24 -3057.43 422.47
24 -3057.43 399.57
24 -3057.43 -2077.53
24 -3057.43 -2100.43
24 -3563.8 1941.46
24 -3563.84 1918.56
24 -3563.8 -558.54
24 -3563.84 -581.44
24 -3715.76 1918.63
24 -3715.73 1941.53
24 -3875.72 1489.54
24 -3864.58 1478.4
24 -3717.81 1177.58
24 -3706.67 1188.72
24 -3684.38 1166.43
24 -3673.24 1177.58
24 -3715.76 -581.36
24 -3715.73 -558.46
24 -3864.58 -1021.59
24 -3875.72 -1010.45
24 -3673.24 -1322.42
24 -3706.67 -1311.28
24 -3717.81 -1322.42
24 -3684.38 -1333.56
24 -3966.92 2161.06
24 -3966.95 2138.16
24 -4018.1 2138.23
24 -4018.07 2161.13
24 -3909.15 1456.12
24 -3920.29 1444.98
24 -4018.1 -361.76
24 -4018.07 -338.86
24 -3966.92 -338.94
24 -3966.95 -361.84
24 -3909.15 -1043.88
24 -3920.29 -1055.02
24 -4632.23 422.47
24 -4632.23 399.57
24 -4632.23 -2077.53
24 -4632.23 -2100.43
26 9180.88 -2432.45
26 9200.56 -2508.91
26 9023.4 -2365.38
26 9003.71 -2286.42
26 9003.71 -2508.91
26 9023.4 -2432.45
26 7943.71 490.3
26 7883.71 490.3
26 7883.71 250.3
26 7943.71 370.3
26 7883.71 370.3
26 7823.71 250.3
26 4576.45 1611.47
26 4576.45 1634.37
26 4576.45 -888.53
26 4576.45 -865.63
26 4200.76 1110.73
26 4200.76 -1389.27
26 4057.49 1941.53
26 4057.46 1918.63
26 4189.62 1099.58
26 4156.19 1088.44
26 4167.33 1099.58
26 4057.49 -558.47
26 4057.46 -581.37
26 4189.62 -1400.41
26 4156.19 -1411.55
26 4167.33 -1400.41
26 3956.78 2034.58
26 3956.82 2057.48
26 3855.9 1918.78
26 3855.93 1941.68
26 3907.08 1941.6
26 3907.05 1918.7
26 3920.29 1456.12
26 3931.43 1444.98
26 3942.57 1456.12
26 3953.71 1467.26
26 3956.82 -442.52
26 3956.78 -465.42
26 3855.93 -558.32
26 3855.9 -581.22
26 3907.05 -581.29
26 3907.08 -558.39
26 3920.29 -1043.88
26 3931.43 -1055.02
26 3953.71 -1032.73
26 3942.57 -1043.88
26 3381.67 422.47
26 3381.67 399.57
26 3381.67 -2077.53
26 3381.67 -2100.43
26 3001.65 1611.47
26 3001.65 1634.37
26 3001.65 -888.53
26 3001.65 -865.63
26 2592.53 1099.58
26 2614.82 1099.58
26 2581.39 1088.44
26 2625.96 1110.73
26 2581.39 -1411.55
26 2614.82 -1400.41
26 2592.53 -1400.41
26 2625.96 -1389.27
26 2482.69 1941.53
26 2482.66 1918.63
26 2381.98 2034.58
26 2382.02 2057.48
26 2332.28 1941.6
26 2332.25 1918.7
26 2345.49 1456.12
26 2378.91 1467.26
26 2367.77 1456.12
26 2356.63 1444.98
26 2381.98 -465.42
26 2382.02 -442.52
26 2482.69 -558.47
26 2482.66 -581.37
26 2332.25 -581.29
26 2332.28 -558.39
26 2345.49 -1043.88
26 2367.77 -1043.88
26 2378.91 -1032.73
26 2356.63 -1055.02
26 2281.1 1918.78
26 2281.13 1941.68
26 2281.13 -558.32
26 2281.1 -581.22
26 1806.87 422.47
26 1806.87 399.57
26 1806.87 -2077.53
26 1806.87 -2100.43
26 1426.85 1634.37
26 1426.85 1611.47
26 1426.85 -888.53
26 1426.85 -865.63
26 1040.02 1099.58
26 1017.73 1099.58
26 1051.16 1110.73
26 1017.73 -1400.41
26 1051.16 -1389.27
26 1040.02 -1400.41
26 907.89 1941.53
26 907.86 1918.63
26 807.18 2034.58
26 807.22 2057.48
26 804.11 1467.26
26 1006.59 1088.44
26 807.18 -465.42
26 807.22 -442.52
26 907.89 -558.47
26 907.86 -581.37
26 804.11 -1032.73
26 1006.59 -1411.55
26 706.3 1918.78
26 706.33 1941.68
26 757.48 1941.6
26 757.45 1918.7
26 781.83 1444.98
26 770.69 1456.12
26 792.97 1456.12
26 706.33 -558.32
26 706.3 -581.22
26 757.45 -581.29
26 757.48 -558.39
26 781.83 -1055.02
26 792.97 -1043.88
26 770.69 -1043.88
26 232.07 422.47
26 232.07 399.57
26 232.07 -2077.53
26 232.07 -2100.43
26 -147.95 1634.37
26 -147.95 1611.47
26 -147.95 -888.53
26 -147.95 -865.63
26 -666.91 1941.53
26 -666.94 1918.63
26 -523.64 1110.73
26 -557.07 1099.58
26 -568.21 1088.44
26 -534.78 1099.58
26 -666.91 -558.47
26 -666.94 -581.37
26 -557.07 -1400.41
26 -568.21 -1411.55
26 -523.64 -1389.27
26 -534.78 -1400.41
26 -767.62 2034.58
26 -767.58 2057.48
26 -868.5 1918.78
26 -868.47 1941.68
26 -817.32 1941.6
26 -817.35 1918.7
26 -781.83 1456.12
26 -770.69 1467.26
26 -804.11 1456.12
26 -792.97 1444.98
26 -767.62 -465.42
26 -767.58 -442.52
26 -817.32 -558.39
26 -817.35 -581.29
26 -868.5 -581.22
26 -868.47 -558.32
26 -770.69 -1032.73
26 -781.83 -1043.88
26 -804.11 -1043.88
26 -792.97 -1055.02
26 -1342.73 422.47
26 -1342.73 399.57
26 -1342.73 -2077.53
26 -1342.73 -2100.43
26 -1722.75 1634.37
26 -1722.75 1611.47
26 -1722.75 -865.63
26 -1722.75 -888.53
26 -2109.58 1099.58
26 -2143.01 1088.44
26 -2098.44 1110.73
26 -2131.87 1099.58
26 -2143.01 -1411.55
26 -2131.87 -1400.41
26 -2098.44 -1389.27
26 -2109.58 -1400.41
26 -2342.38 2057.48
26 -2342.42 2034.58
26 -2241.74 1918.63
26 -2241.71 1941.53
26 -2345.49 1467.26
26 -2378.91 1456.12
26 -2367.77 1444.98
26 -2356.63 1456.12
26 -2342.38 -442.52
26 -2342.42 -465.42
26 -2241.74 -581.37
26 -2241.71 -558.47
26 -2356.63 -1043.88
26 -2367.77 -1055.02
26 -2378.91 -1043.88
26 -2345.49 -1032.73
26 -2392.15 1918.7
26 -2392.12 1941.6
26 -2443.27 1941.68
26 -2443.3 1918.78
26 -2443.3 -581.22
26 -2443.27 -558.32
26 -2392.12 -558.39
26 -2392.15 -581.29
26 -2917.53 422.47
26 -2917.53 399.57
26 -2917.53 -2077.53
26 -2917.53 -2100.43
26 -3297.55 1634.37
26 -3297.55 1611.47
26 -3297.55 -865.63
26 -3297.55 -888.53
26 -3816.51 1941.53
26 -3816.54 1918.63
26 -3673.24 1110.73
26 -3684.38 1099.58
26 -3717.81 1088.44
26 -3706.67 1099.58
26 -3816.54 -581.37
26 -3816.51 -558.47
26 -3706.67 -1400.41
26 -3684.38 -1400.41
26 -3717.81 -1411.55
26 -3673.24 -1389.27
26 -3917.22 2034.58
26 -3917.18 2057.48
26 -4018.1 1918.78
26 -4018.07 1941.68
26 -3966.92 1941.6
26 -3966.95 1918.7
26 -3942.57 1444.98
26 -3953.71 1456.12
26 -3920.29 1467.26
26 -3931.43 1456.12
26 -3917.22 -465.42
26 -3917.18 -442.52
26 -3966.92 -558.39
26 -4018.07 -558.32
26 -4018.1 -581.22
26 -3966.95 -581.29
26 -3931.43 -1043.88
26 -3942.57 -1055.02
26 -3953.71 -1043.88
26 -3920.29 -1032.73
26 -4492.33 422.47
26 -4492.33 399.57
26 -4492.33 -2077.53
26 -4492.33 -2100.43
28 8846.23 -2286.42
28 8826.54 -2365.38
28 7200 180
28 7260 180
28 4514.61 1634.37
28 4514.61 1611.47
28 4514.61 -865.63
28 4514.61 -888.53
28 4177.98 2318.13
28 4177.98 2278.76
28 4007.96 2057.4
28 4007.93 2034.5
28 3987.14 1456.12
28 3987.14 1500.69
28 3998.28 1511.83
28 4178.48 1355.84
28 4189.62 1344.7
28 4177.98 -221.24
28 4177.98 -181.87
28 4007.96 -442.59
28 4007.93 -465.49
28 3987.14 -1043.88
28 3987.14 -999.31
28 3998.28 -988.17
28 4178.48 -1144.15
28 4189.62 -1155.29
28 3956.89 2138.23
28 3956.92 2161.13
28 3982.32 1894.29
28 3982.32 1966.02
28 3976 1444.98
28 3853.44 1456.12
28 3831.15 1478.4
28 3956.89 -361.76
28 3956.92 -338.86
28 3982.32 -533.98
28 3982.32 -605.7
28 3976 -1055.02
28 3853.44 -1043.88
28 3831.15 -1021.59
28 3706.67 1088.44
28 3695.52 1077.3
28 3695.52 -1422.69
28 3706.67 -1411.55
28 2939.81 1611.47
28 2939.81 1634.37
28 2939.81 -865.63
28 2939.81 -888.53
28 2603.18 2318.13
28 2603.18 2278.76
28 2603.68 1355.84
28 2614.82 1344.7
28 2603.18 -181.87
28 2603.18 -221.24
28 2603.68 -1144.15
28 2614.82 -1155.29
28 2382.09 2138.23
28 2382.12 2161.13
28 2433.16 2057.4
28 2433.13 2034.5
28 2407.52 1894.29
28 2407.52 1966.02
28 2423.48 1511.83
28 2412.34 1500.69
28 2401.2 1444.98
28 2412.34 1456.12
28 2433.16 -442.59
28 2433.13 -465.49
28 2382.09 -361.76
28 2382.12 -338.86
28 2407.52 -533.98
28 2407.52 -605.7
28 2401.2 -1055.02
28 2423.48 -988.17
28 2412.34 -999.31
28 2412.34 -1043.88
28 2278.64 1456.12
28 2256.35 1478.4
28 2131.87 1088.44
28 2120.72 1077.3
28 2278.64 -1043.88
28 2256.35 -1021.59
28 2120.72 -1422.69
28 2131.87 -1411.55
28 1365.01 1611.47
28 1365.01 1634.37
28 1365.01 -865.63
28 1365.01 -888.53
28 1028.38 2318.13
28 1028.38 2278.76
28 1028.88 1355.84
28 1040.02 1344.7
28 1028.38 -181.87
28 1028.38 -221.24
28 1028.88 -1144.15
28 1040.02 -1155.29
28 807.29 2138.23
28 807.32 2161.13
28 858.36 2057.4
28 858.33 2034.5
28 832.72 1894.29
28 832.72 1966.02
28 837.54 1500.69
28 848.68 1511.83
28 837.54 1456.12
28 826.4 1444.98
28 858.36 -442.59
28 858.33 -465.49
28 807.29 -361.76
28 807.32 -338.86
28 832.72 -533.98
28 832.72 -605.7
28 826.4 -1055.02
28 837.54 -999.31
28 848.68 -988.17
28 837.54 -1043.88
28 681.55 1478.4
28 703.84 1456.12
28 703.84 -1043.88
28 681.55 -1021.59
28 557.07 1088.44
28 545.92 1077.3
28 545.92 -1422.69
28 557.07 -1411.55
28 -209.79 1611.47
28 -209.79 1634.37
28 -209.79 -865.63
28 -209.79 -888.53
28 -546.42 2318.13
28 -546.42 2278.76
28 -534.78 1344.7
28 -545.92 1355.84
28 -546.42 -181.87
28 -546.42 -221.24
28 -534.78 -1155.29
28 -545.92 -1144.15
28 -767.51 2138.23
28 -767.48 2161.13
28 -716.44 2057.4
28 -716.47 2034.5
28 -742.08 1894.29
28 -742.08 1966.02
28 -726.12 1511.83
28 -748.4 1444.98
28 -737.26 1456.12
28 -737.26 1500.69
28 -893.25 1478.4
28 -870.96 1456.12
28 -716.44 -442.59
28 -716.47 -465.49
28 -767.51 -361.76
28 -767.48 -338.86
28 -742.08 -605.7
28 -742.08 -533.98
28 -726.12 -988.17
28 -748.4 -1055.02
28 -737.26 -999.31
28 -737.26 -1043.88
28 -870.96 -1043.88
28 -893.25 -1021.59
28 -1017.73 1088.44
28 -1028.88 1077.3
28 -1028.88 -1422.69
28 -1017.73 -1411.55
28 -1784.59 1611.47
28 -1784.59 1634.37
28 -1784.59 -865.63
28 -1784.59 -888.53
28 -2121.22 2318.13
28 -2121.22 2278.76
28 -2120.72 1355.84
28 -2109.58 1344.7
28 -2121.22 -221.24
28 -2121.22 -181.87
28 -2120.72 -1144.15
28 -2109.58 -1155.29
28 -2342.28 2161.13
28 -2342.31 2138.23
28 -2291.27 2034.5
28 -2291.24 2057.4
28 -2316.88 1966.02
28 -2316.88 1894.29
28 -2323.2 1444.98
28 -2300.92 1511.83
28 -2312.06 1456.12
28 -2312.06 1500.69
28 -2291.27 -465.49
28 -2291.24 -442.59
28 -2342.28 -338.86
28 -2342.31 -361.76
28 -2316.88 -605.7
28 -2316.88 -533.98
28 -2323.2 -1055.02
28 -2312.06 -999.31
28 -2300.92 -988.17
28 -2312.06 -1043.88
28 -2445.76 1456.12
28 -2468.05 1478.4
28 -2603.68 1077.3
28 -2592.53 1088.44
28 -2445.76 -1043.88
28 -2468.05 -1021.59
28 -2603.68 -1422.69
28 -2592.53 -1411.55
28 -3359.39 1611.47
28 -3359.39 1634.37
28 -3359.39 -865.63
28 -3359.39 -888.53
28 -3696.02 2318.13
28 -3696.02 2278.76
28 -3866.04 2057.4
28 -3866.07 2034.5
28 -3875.72 1511.83
28 -3684.38 1344.7
28 -3695.52 1355.84
28 -3696.02 -181.87
28 -3696.02 -221.24
28 -3866.07 -465.49
28 -3866.04 -442.59
28 -3875.72 -988.17
28 -3695.52 -1144.15
28 -3684.38 -1155.29
28 -3917.11 2138.23
28 -3917.08 2161.13
28 -3891.68 1894.29
28 -3891.68 1966.02
28 -3886.86 1500.69
28 -3898 1444.98
28 -3886.86 1456.12
28 -4020.56 1456.12
28 -4042.85 1478.4
28 -3917.11 -361.76
28 -3917.08 -338.86
28 -3891.68 -605.7
28 -3891.68 -533.98
28 -3886.86 -1043.88
28 -3886.86 -999.31
28 -3898 -1055.02
28 -4020.56 -1043.88
28 -4042.85 -1021.59
28 -4178.48 1077.3
28 -4167.33 1088.44
28 -4167.33 -1411.55
28 -4178.48 -1422.69
30 10724.2 1285.81
30 10724.2 1245.81
30 10724.2 447.78
30 10724.2 487.78
30 9141.51 -3252.45
30 9161.19 -3326.41
30 9200.56 -3326.41
30 9180.88 -3252.45
30 8984.03 -3252.45
30 8964.34 -3326.41
30 6600 -1260
30 6540 -1260
30 6420 -1260
30 6480 -1260
30 6360 -1620
30 6300 -1620
30 4200.76 1088.44
30 4200.76 -1411.55
30 4108.74 2057.33
30 4108.71 2034.43
30 4167.55 1729.29
30 4190.45 1729.29
30 4178.48 1110.73
30 4167.33 1121.87
30 4189.62 1077.3
30 4108.71 -465.57
30 4108.74 -442.67
30 4190.45 -770.7
30 4167.55 -770.7
30 4167.33 -1378.13
30 4189.62 -1422.69
30 4178.48 -1389.27
30 3907.05 2034.43
30 3907.08 2057.33
30 3855.93 2057.4
30 3855.9 2034.5
30 3920.29 1478.4
30 3931.43 1489.54
30 3907.08 -442.67
30 3907.05 -465.57
30 3855.9 -465.49
30 3855.93 -442.59
30 3931.43 -1010.45
30 3920.29 -1021.59
30 3673.24 1055.02
30 3684.38 1066.16
30 3684.38 -1433.84
30 3673.24 -1444.98
30 2533.94 2057.33
30 2533.91 2034.43
30 2592.75 1729.29
30 2615.65 1729.29
30 2592.53 1121.87
30 2625.96 1088.44
30 2603.68 1110.73
30 2614.82 1077.3
30 2533.94 -442.67
30 2533.91 -465.57
30 2615.65 -770.7
30 2592.75 -770.7
30 2603.68 -1389.27
30 2592.53 -1378.13
30 2625.96 -1411.55
30 2614.82 -1422.69
30 2332.25 2034.43
30 2332.28 2057.33
30 2345.49 1478.4
30 2356.63 1489.54
30 2332.28 -442.67
30 2332.25 -465.57
30 2345.49 -1021.59
30 2356.63 -1010.45
30 2281.13 2057.4
30 2281.1 2034.5
30 2098.44 1055.02
30 2109.58 1066.16
30 2281.1 -465.49
30 2281.13 -442.59
30 2109.58 -1433.84
30 2098.44 -1444.98
30 1017.95 1729.29
30 1040.85 1729.29
30 1017.73 1121.87
30 1051.16 1088.44
30 1028.88 1110.73
30 1040.02 1077.3
30 1040.85 -770.7
30 1017.95 -770.7
30 1051.16 -1411.55
30 1040.02 -1422.69
30 1017.73 -1378.13
30 1028.88 -1389.27
30 959.14 2057.33
30 959.11 2034.43
30 959.14 -442.67
30 959.11 -465.57
30 757.45 2034.43
30 757.48 2057.33
30 706.33 2057.4
30 706.3 2034.5
30 781.83 1489.54
30 770.69 1478.4
30 706.33 -442.59
30 706.3 -465.49
30 757.45 -465.57
30 757.48 -442.67
30 781.83 -1010.45
30 770.69 -1021.59
30 523.64 1055.02
30 534.78 1066.16
30 534.78 -1433.84
30 523.64 -1444.98
30 -615.66 2057.33
30 -615.69 2034.43
30 -556.85 1729.29
30 -533.95 1729.29
30 -557.07 1121.87
30 -523.64 1088.44
30 -545.92 1110.73
30 -534.78 1077.3
30 -615.66 -442.67
30 -615.69 -465.57
30 -533.95 -770.7
30 -556.85 -770.7
30 -557.07 -1378.13
30 -534.78 -1422.69
30 -545.92 -1389.27
30 -523.64 -1411.55
30 -817.35 2034.43
30 -817.32 2057.33
30 -868.47 2057.4
30 -868.5 2034.5
30 -804.11 1478.4
30 -792.97 1489.54
30 -868.47 -442.59
30 -868.5 -465.49
30 -817.35 -465.57
30 -817.32 -442.67
30 -804.11 -1021.59
30 -792.97 -1010.45
30 -1051.16 1055.02
30 -1040.02 1066.16
30 -1040.02 -1433.84
30 -1051.16 -1444.98
30 -2131.65 1729.29
30 -2108.75 1729.29
30 -2098.44 1088.44
30 -2109.58 1077.3
30 -2131.87 1121.87
30 -2120.72 1110.73
30 -2131.65 -770.7
30 -2108.75 -770.7
30 -2098.44 -1411.55
30 -2131.87 -1378.13
30 -2109.58 -1422.69
30 -2120.72 -1389.27
30 -2190.49 2034.43
30 -2190.46 2057.33
30 -2367.77 1489.54
30 -2378.91 1478.4
30 -2190.46 -442.67
30 -2190.49 -465.57
30 -2378.91 -1021.59
30 -2367.77 -1010.45
30 -2443.3 2034.5
30 -2443.27 2057.4
30 -2392.12 2057.33
30 -2392.15 2034.43
30 -2392.15 -465.57
30 -2392.12 -442.67
30 -2443.27 -442.59
30 -2443.3 -465.49
30 -2614.82 1066.16
30 -2625.96 1055.02
30 -2614.82 -1433.84
30 -2625.96 -1444.98
30 -3765.26 2057.33
30 -3765.29 2034.43
30 -3706.45 1729.29
30 -3683.55 1729.29
30 -3695.52 1110.73
30 -3706.67 1121.87
30 -3673.24 1088.44
30 -3684.38 1077.3
30 -3765.26 -442.67
30 -3765.29 -465.57
30 -3706.45 -770.7
30 -3683.55 -770.7
30 -3706.67 -1378.13
30 -3695.52 -1389.27
30 -3673.24 -1411.55
30 -3684.38 -1422.69
30 -3966.95 2034.43
30 -3966.92 2057.33
30 -4018.07 2057.4
30 -4018.1 2034.5
30 -3942.57 1489.54
30 -3953.71 1478.4
30 -4018.07 -442.59
30 -4018.1 -465.49
30 -3966.95 -465.57
30 -3966.92 -442.67
30 -3942.57 -1010.45
30 -3953.71 -1021.59
30 -4189.62 1066.16
30 -4200.76 1055.02
30 -4200.76 -1444.98
30 -4189.62 -1433.84
32 9141.51 -2432.45
32 9161.19 -2508.91
32 8964.34 -2286.42
32 8984.03 -2365.38
32 8964.34 -3106.42
32 8984.03 -3185.38
32 8787.17 -2365.38
32 8806.86 -2286.42
32 8806.86 -2508.91
32 8787.17 -2432.45
32 8787.17 -3185.38
32 8806.86 -3106.42
32 4209.38 1918.56
32 4209.42 1941.46
32 4284.66 1965.95
32 4284.66 1894.22
32 4200.76 1288.99
32 4211.9 1166.43
32 4209.38 -581.44
32 4209.42 -558.54
32 4284.66 -605.77
32 4284.66 -534.05
32 4200.76 -1211
32 4211.9 -1333.56
32 4007.83 1918.63
32 4007.86 1941.53
32 4189.62 1300.14
32 4167.33 1166.43
32 4189.62 1144.15
32 4145.05 1144.15
32 4007.83 -581.37
32 4007.86 -558.47
32 4189.62 -1199.86
32 4145.05 -1355.84
32 4167.33 -1333.56
32 4189.62 -1355.84
32 3956.68 1918.7
32 3956.71 1941.6
32 3942.57 1478.4
32 3953.71 1489.54
32 3898 1500.69
32 3909.15 1511.83
32 3956.68 -581.29
32 3956.71 -558.39
32 3909.15 -988.17
32 3942.57 -1021.59
32 3953.71 -1010.45
32 3898 -999.31
32 2709.86 1965.95
32 2709.86 1894.22
32 2709.86 -605.77
32 2709.86 -534.05
32 2634.58 1918.56
32 2634.62 1941.46
32 2625.96 1288.99
32 2614.82 1300.14
32 2614.82 1144.15
32 2592.53 1166.43
32 2637.1 1166.43
32 2570.25 1144.15
32 2634.58 -581.44
32 2634.62 -558.54
32 2614.82 -1199.86
32 2625.96 -1211
32 2592.53 -1333.56
32 2614.82 -1355.84
32 2637.1 -1333.56
32 2570.25 -1355.84
32 2433.03 1918.63
32 2433.06 1941.53
32 2381.88 1918.7
32 2381.91 1941.6
32 2334.35 1511.83
32 2367.77 1478.4
32 2323.2 1500.69
32 2378.91 1489.54
32 2381.88 -581.29
32 2381.91 -558.39
32 2433.03 -581.37
32 2433.06 -558.47
32 2367.77 -1021.59
32 2334.35 -988.17
32 2378.91 -1010.45
32 2323.2 -999.31
32 1059.78 1918.56
32 1059.82 1941.46
32 1135.06 1965.95
32 1135.06 1894.22
32 1040.02 1300.14
32 1051.16 1288.99
32 1017.73 1166.43
32 1062.3 1166.43
32 1040.02 1144.15
32 1059.78 -581.44
32 1059.82 -558.54
32 1135.06 -605.77
32 1135.06 -534.05
32 1051.16 -1211
32 1040.02 -1199.86
32 1062.3 -1333.56
32 1040.02 -1355.84
32 1017.73 -1333.56
32 858.23 1918.63
32 858.26 1941.53
32 807.08 1918.7
32 807.11 1941.6
32 804.11 1489.54
32 995.45 1144.15
32 807.08 -581.29
32 807.11 -558.39
32 858.23 -581.37
32 858.26 -558.47
32 804.11 -1010.45
32 995.45 -1355.84
32 759.55 1511.83
32 748.4 1500.69
32 792.97 1478.4
32 748.4 -999.31
32 792.97 -1021.59
32 759.55 -988.17
32 -439.74 1965.95
32 -439.74 1894.22
32 -439.74 -534.05
32 -439.74 -605.77
32 -515.02 1918.56
32 -514.98 1941.46
32 -523.64 1288.99
32 -534.78 1300.14
32 -512.5 1166.43
32 -579.35 1144.15
32 -534.78 1144.15
32 -557.07 1166.43
32 -515.02 -581.44
32 -514.98 -558.54
32 -523.64 -1211
32 -534.78 -1199.86
32 -557.07 -1333.56
32 -534.78 -1355.84
32 -512.5 -1333.56
32 -579.35 -1355.84
32 -716.57 1918.63
32 -716.54 1941.53
32 -767.72 1918.7
32 -767.69 1941.6
32 -770.69 1489.54
32 -815.25 1511.83
32 -826.4 1500.69
32 -781.83 1478.4
32 -767.72 -581.29
32 -767.69 -558.39
32 -716.57 -581.37
32 -716.54 -558.47
32 -815.25 -988.17
32 -770.69 -1010.45
32 -781.83 -1021.59
32 -826.4 -999.31
32 -2014.54 1965.95
32 -2014.54 1894.22
32 -2089.78 1941.46
32 -2089.82 1918.56
32 -2098.44 1288.99
32 -2109.58 1300.14
32 -2109.58 1144.15
32 -2087.3 1166.43
32 -2154.15 1144.15
32 -2131.87 1166.43
32 -2089.78 -558.54
32 -2089.82 -581.44
32 -2014.54 -534.05
32 -2014.54 -605.77
32 -2098.44 -1211
32 -2109.58 -1199.86
32 -2131.87 -1333.56
32 -2154.15 -1355.84
32 -2109.58 -1355.84
32 -2087.3 -1333.56
32 -2342.49 1941.6
32 -2342.52 1918.7
32 -2291.34 1941.53
32 -2291.37 1918.63
32 -2356.63 1478.4
32 -2390.05 1511.83
32 -2345.49 1489.54
32 -2342.49 -558.39
32 -2342.52 -581.29
32 -2291.34 -558.47
32 -2291.37 -581.37
32 -2390.05 -988.17
32 -2345.49 -1010.45
32 -2356.63 -1021.59
32 -2401.2 1500.69
32 -2401.2 -999.31
32 -3664.62 1918.56
32 -3664.58 1941.46
32 -3589.34 1965.95
32 -3589.34 1894.22
32 -3662.1 1166.43
32 -3664.62 -581.44
32 -3664.58 -558.54
32 -3589.34 -534.05
32 -3589.34 -605.77
32 -3662.1 -1333.56
32 -3866.17 1918.63
32 -3866.14 1941.53
32 -3684.38 1300.14
32 -3673.24 1288.99
32 -3706.67 1166.43
32 -3728.95 1144.15
32 -3684.38 1144.15
32 -3866.14 -558.47
32 -3866.17 -581.37
32 -3684.38 -1199.86
32 -3673.24 -1211
32 -3684.38 -1355.84
32 -3706.67 -1333.56
32 -3728.95 -1355.84
32 -3917.32 1918.7
32 -3917.29 1941.6
32 -3931.43 1478.4
32 -3920.29 1489.54
32 -3976 1500.69
32 -3964.85 1511.83
32 -3917.29 -558.39
32 -3917.32 -581.29
32 -3964.85 -988.17
32 -3920.29 -1010.45
32 -3976 -999.31
32 -3931.43 -1021.59
32 -10724.2 522.11
32 -10724.2 482.11
34 4200.76 1244.43
34 4200.76 -1255.57
34 4059.87 2318.13
34 4059.87 2278.76
34 4083.2 2081.82
34 3982.53 2185.54
34 3982.53 2113.82
34 4083.2 2010.09
34 4178.48 1378.13
34 4189.62 1233.28
34 4189.62 1366.99
34 4059.87 -221.24
34 4059.87 -181.87
34 3982.53 -386.18
34 4083.2 -418.18
34 3982.53 -314.45
34 4083.2 -489.9
34 4189.62 -1266.71
34 4178.48 -1121.87
34 4189.62 -1133.01
34 3881.54 2081.82
34 3881.54 2010.09
34 3898 1456.12
34 3820.01 1489.54
34 3875.72 1500.69
34 3886.86 1489.54
34 3909.15 1444.98
34 3808.87 1500.69
34 3881.54 -418.18
34 3881.54 -489.9
34 3820.01 -1010.45
34 3875.72 -999.31
34 3898 -1043.88
34 3886.86 -1010.45
34 3909.15 -1055.02
34 3808.87 -999.31
34 3695.52 1055.02
34 3706.67 1066.16
34 3706.67 -1433.84
34 3695.52 -1444.98
34 2508.4 2081.82
34 2508.4 2010.09
34 2603.68 1378.13
34 2614.82 1366.99
34 2625.96 1244.43
34 2614.82 1233.28
34 2508.4 -418.18
34 2508.4 -489.9
34 2603.68 -1121.87
34 2625.96 -1255.57
34 2614.82 -1133.01
34 2614.82 -1266.71
34 2485.07 2318.13
34 2485.07 2278.76
34 2306.74 2081.82
34 2407.73 2185.54
34 2407.73 2113.82
34 2306.74 2010.09
34 2323.2 1456.12
34 2312.06 1489.54
34 2300.92 1500.69
34 2334.35 1444.98
34 2485.07 -221.24
34 2485.07 -181.87
34 2306.74 -418.18
34 2407.73 -386.18
34 2407.73 -314.45
34 2306.74 -489.9
34 2323.2 -1043.88
34 2300.92 -999.31
34 2334.35 -1055.02
34 2312.06 -1010.45
34 2245.21 1489.54
34 2234.07 1500.69
34 2120.72 1055.02
34 2131.87 1066.16
34 2245.21 -1010.45
34 2234.07 -999.31
34 2131.87 -1433.84
34 2120.72 -1444.98
34 1051.16 1244.43
34 1040.02 1366.99
34 1028.88 1378.13
34 1040.02 1233.28
34 1028.88 -1121.87
34 1040.02 -1266.71
34 1051.16 -1255.57
34 1040.02 -1133.01
34 910.27 2318.13
34 910.27 2278.76
34 933.6 2081.82
34 832.93 2185.54
34 832.93 2113.82
34 933.6 2010.09
34 910.27 -221.24
34 910.27 -181.87
34 832.93 -386.18
34 933.6 -418.18
34 832.93 -314.45
34 933.6 -489.9
34 731.94 2081.82
34 731.94 2010.09
34 670.41 1489.54
34 737.26 1489.54
34 659.27 1500.69
34 759.55 1444.98
34 748.4 1456.12
34 726.12 1500.69
34 731.94 -418.18
34 731.94 -489.9
34 726.12 -999.31
34 670.41 -1010.45
34 748.4 -1043.88
34 737.26 -1010.45
34 759.55 -1055.02
34 659.27 -999.31
34 545.92 1055.02
34 557.07 1066.16
34 557.07 -1433.84
34 545.92 -1444.98
34 -664.53 2318.13
34 -664.53 2278.76
34 -641.2 2081.82
34 -641.2 2010.09
34 -545.92 1378.13
34 -534.78 1233.28
34 -523.64 1244.43
34 -534.78 1366.99
34 -664.53 -221.24
34 -664.53 -181.87
34 -641.2 -418.18
34 -641.2 -489.9
34 -545.92 -1121.87
34 -534.78 -1133.01
34 -523.64 -1255.57
34 -534.78 -1266.71
34 -842.86 2081.82
34 -741.87 2185.54
34 -741.87 2113.82
34 -842.86 2010.09
34 -904.39 1489.54
34 -837.54 1489.54
34 -848.68 1500.69
34 -815.25 1444.98
34 -826.4 1456.12
34 -741.87 -314.45
34 -741.87 -386.18
34 -842.86 -418.18
34 -842.86 -489.9
34 -837.54 -1010.45
34 -904.39 -1010.45
34 -826.4 -1043.88
34 -848.68 -999.31
34 -815.25 -1055.02
34 -915.53 1500.69
34 -1028.88 1055.02
34 -1017.73 1066.16
34 -915.53 -999.31
34 -1017.73 -1433.84
34 -1028.88 -1444.98
34 -2098.44 1244.43
34 -2109.58 1233.28
34 -2109.58 1366.99
34 -2120.72 1378.13
34 -2120.72 -1121.87
34 -2109.58 -1133.01
34 -2109.58 -1266.71
34 -2098.44 -1255.57
34 -2239.33 2318.13
34 -2239.33 2278.76
34 -2216 2081.82
34 -2316.67 2113.82
34 -2316.67 2185.54
34 -2216 2010.09
34 -2390.05 1444.98
34 -2239.33 -181.87
34 -2239.33 -221.24
34 -2216 -418.18
34 -2316.67 -314.45
34 -2316.67 -386.18
34 -2216 -489.9
34 -2390.05 -1055.02
34 -2417.66 2081.82
34 -2417.66 2010.09
34 -2401.2 1456.12
34 -2423.48 1500.69
34 -2412.34 1489.54
34 -2490.33 1500.69
34 -2479.19 1489.54
34 -2603.68 1055.02
34 -2592.53 1066.16
34 -2417.66 -418.18
34 -2417.66 -489.9
34 -2412.34 -1010.45
34 -2423.48 -999.31
34 -2401.2 -1043.88
34 -2479.19 -1010.45
34 -2490.33 -999.31
34 -2592.53 -1433.84
34 -2603.68 -1444.98
34 -3814.13 2318.13
34 -3814.13 2278.76
34 -3790.8 2081.82
34 -3790.8 2010.09
34 -3673.24 1244.43
34 -3695.52 1378.13
34 -3684.38 1366.99
34 -3684.38 1233.28
34 -3814.13 -221.24
34 -3814.13 -181.87
34 -3790.8 -418.18
34 -3790.8 -489.9
34 -3684.38 -1133.01
34 -3684.38 -1266.71
34 -3673.24 -1255.57
34 -3695.52 -1121.87
34 -3992.46 2081.82
34 -3891.47 2185.54
34 -3891.47 2113.82
34 -3992.46 2010.09
34 -4053.99 1489.54
34 -3987.14 1489.54
34 -3976 1456.12
34 -3998.28 1500.69
34 -4065.13 1500.69
34 -3964.85 1444.98
34 -3992.46 -418.18
34 -3891.47 -314.45
34 -3891.47 -386.18
34 -3992.46 -489.9
34 -4053.99 -1010.45
34 -3976 -1043.88
34 -3998.28 -999.31
34 -4065.13 -999.31
34 -3987.14 -1010.45
34 -3964.85 -1055.02
34 -4167.33 1066.16
34 -4178.48 1055.02
34 -4178.48 -1444.98
34 -4167.33 -1433.84
36 8826.54 -3185.38
36 8846.23 -3106.42
36 4020.5 2318.13
36 4020.5 2278.76
36 4057.56 2034.5
36 4057.6 2057.4
36 4167.33 1322.42
36 4156.19 1333.56
36 4156.19 1355.84
36 4167.33 1366.99
36 4020.5 -221.24
36 4020.5 -181.87
36 4057.6 -442.59
36 4057.56 -465.49
36 4167.33 -1177.58
36 4156.19 -1144.15
36 4167.33 -1133.01
36 4156.19 -1166.43
36 3881.54 2113.82
36 3881.54 2185.54
36 3831.15 1500.69
36 3842.3 1489.54
36 3976 1489.54
36 3964.85 1478.4
36 3881.54 -386.18
36 3881.54 -314.45
36 3976 -1010.45
36 3964.85 -1021.59
36 3831.15 -999.31
36 3842.3 -1010.45
36 3673.24 1077.3
36 3684.38 1088.44
36 3684.38 -1411.55
36 3673.24 -1422.69
36 2581.39 1333.56
36 2581.39 1355.84
36 2592.53 1366.99
36 2592.53 1322.42
36 2581.39 -1144.15
36 2592.53 -1177.58
36 2581.39 -1166.43
36 2592.53 -1133.01
36 2445.7 2318.13
36 2445.7 2278.76
36 2306.74 2113.82
36 2306.74 2185.54
36 2482.76 2034.5
36 2482.8 2057.4
36 2401.2 1489.54
36 2390.05 1478.4
36 2445.7 -221.24
36 2445.7 -181.87
36 2482.76 -465.49
36 2482.8 -442.59
36 2306.74 -386.18
36 2306.74 -314.45
36 2401.2 -1010.45
36 2390.05 -1021.59
36 2256.35 1500.69
36 2267.49 1489.54
36 2098.44 1077.3
36 2109.58 1088.44
36 2256.35 -999.31
36 2267.49 -1010.45
36 2109.58 -1411.55
36 2098.44 -1422.69
36 1017.73 1322.42
36 1017.73 1366.99
36 1017.73 -1133.01
36 1017.73 -1177.58
36 870.9 2318.13
36 870.9 2278.76
36 907.96 2034.5
36 908 2057.4
36 826.4 1489.54
36 815.25 1478.4
36 1006.59 1355.84
36 1006.59 1333.56
36 870.9 -221.24
36 870.9 -181.87
36 907.96 -465.49
36 908 -442.59
36 815.25 -1021.59
36 826.4 -1010.45
36 1006.59 -1144.15
36 1006.59 -1166.43
36 731.94 2113.82
36 731.94 2185.54
36 681.55 1500.69
36 692.7 1489.54
36 731.94 -386.18
36 731.94 -314.45
36 681.55 -999.31
36 692.7 -1010.45
36 523.64 1077.3
36 534.78 1088.44
36 534.78 -1411.55
36 523.64 -1422.69
36 -666.84 2034.5
36 -666.8 2057.4
36 -557.07 1322.42
36 -568.21 1333.56
36 -568.21 1355.84
36 -557.07 1366.99
36 -666.84 -465.49
36 -666.8 -442.59
36 -557.07 -1177.58
36 -557.07 -1133.01
36 -568.21 -1144.15
36 -568.21 -1166.43
36 -703.9 2318.13
36 -703.9 2278.76
36 -842.86 2113.82
36 -842.86 2185.54
36 -759.55 1478.4
36 -893.25 1500.69
36 -882.1 1489.54
36 -748.4 1489.54
36 -703.9 -221.24
36 -703.9 -181.87
36 -842.86 -314.45
36 -842.86 -386.18
36 -759.55 -1021.59
36 -748.4 -1010.45
36 -882.1 -1010.45
36 -893.25 -999.31
36 -1051.16 1077.3
36 -1040.02 1088.44
36 -1040.02 -1411.55
36 -1051.16 -1422.69
36 -2143.01 1333.56
36 -2131.87 1322.42
36 -2131.87 1366.99
36 -2143.01 1355.84
36 -2131.87 -1177.58
36 -2143.01 -1166.43
36 -2143.01 -1144.15
36 -2131.87 -1133.01
36 -2278.7 2318.13
36 -2278.7 2278.76
36 -2241.6 2057.4
36 -2241.64 2034.5
36 -2323.2 1489.54
36 -2334.35 1478.4
36 -2278.7 -181.87
36 -2278.7 -221.24
36 -2241.6 -442.59
36 -2241.64 -465.49
36 -2334.35 -1021.59
36 -2323.2 -1010.45
36 -2417.66 2113.82
36 -2417.66 2185.54
36 -2468.05 1500.69
36 -2456.91 1489.54
36 -2417.66 -386.18
36 -2417.66 -314.45
36 -2456.91 -1010.45
36 -2468.05 -999.31
36 -2625.96 1077.3
36 -2614.82 1088.44
36 -2614.82 -1411.55
36 -2625.96 -1422.69
36 -3853.5 2318.13
36 -3853.5 2278.76
36 -3816.44 2034.5
36 -3816.4 2057.4
36 -3717.81 1355.84
36 -3706.67 1322.42
36 -3706.67 1366.99
36 -3717.81 1333.56
36 -3853.5 -221.24
36 -3853.5 -181.87
36 -3816.44 -465.49
36 -3816.4 -442.59
36 -3717.81 -1144.15
36 -3706.67 -1177.58
36 -3717.81 -1166.43
36 -3706.67 -1133.01
36 -3992.46 2113.82
36 -3992.46 2185.54
36 -3898 1489.54
36 -3909.15 1478.4
36 -4031.7 1489.54
36 -4042.85 1500.69
36 -3992.46 -386.18
36 -3992.46 -314.45
36 -4031.7 -1010.45
36 -3909.15 -1021.59
36 -4042.85 -999.31
36 -3898 -1010.45
36 -4189.62 1088.44
36 -4200.76 1077.3
36 -4200.76 -1422.69
36 -4189.62 -1411.55
38 10724.2 3043.84
38 10724.2 3083.84
38 4200.76 1378.13
38 4200.76 -1121.87
38 4138.61 2318.13
38 4138.61 2278.76
38 4083.1 1894.22
38 4083.1 1965.94
38 4183.88 1894.22
38 4183.88 1965.95
38 4156.19 1311.28
38 4167.33 1300.14
38 4189.62 1389.27
38 4138.61 -221.24
38 4138.61 -181.87
38 4083.1 -534.05
38 4083.1 -605.78
38 4183.88 -534.05
38 4183.88 -605.77
38 4189.62 -1110.73
38 4167.33 -1199.86
38 4156.19 -1188.72
38 3881.54 1894.37
38 3881.54 1966.09
38 3864.58 1467.26
38 3820.01 1467.26
38 3808.87 1478.4
38 3853.44 1478.4
38 3909.15 1467.26
38 3886.86 1467.26
38 3881.54 -533.9
38 3881.54 -605.63
38 3864.58 -1032.73
38 3820.01 -1032.73
38 3808.87 -1021.59
38 3853.44 -1021.59
38 3886.86 -1032.73
38 3909.15 -1032.73
38 2563.81 2318.13
38 2563.81 2278.76
38 2508.3 1894.22
38 2508.3 1965.94
38 2609.08 1894.22
38 2609.08 1965.95
38 2625.96 1378.13
38 2581.39 1311.28
38 2592.53 1300.14
38 2614.82 1389.27
38 2563.81 -181.87
38 2563.81 -221.24
38 2508.3 -534.05
38 2508.3 -605.78
38 2609.08 -534.05
38 2609.08 -605.77
38 2614.82 -1110.73
38 2581.39 -1188.72
38 2625.96 -1121.87
38 2592.53 -1199.86
38 2306.74 1894.37
38 2306.74 1966.09
38 2289.78 1467.26
38 2334.35 1467.26
38 2312.06 1467.26
38 2306.74 -533.9
38 2306.74 -605.63
38 2289.78 -1032.73
38 2312.06 -1032.73
38 2334.35 -1032.73
38 2245.21 1467.26
38 2234.07 1478.4
38 2278.64 1478.4
38 2245.21 -1032.73
38 2234.07 -1021.59
38 2278.64 -1021.59
38 1034.28 1894.22
38 1034.28 1965.95
38 1017.73 1300.14
38 1040.02 1389.27
38 1051.16 1378.13
38 1034.28 -534.05
38 1034.28 -605.77
38 1040.02 -1110.73
38 1017.73 -1199.86
38 1051.16 -1121.87
38 989.01 2318.13
38 989.01 2278.76
38 933.5 1894.22
38 933.5 1965.94
38 1006.59 1311.28
38 989.01 -181.87
38 989.01 -221.24
38 933.5 -534.05
38 933.5 -605.78
38 1006.59 -1188.72
38 731.94 1894.37
38 731.94 1966.09
38 714.98 1467.26
38 670.41 1467.26
38 659.27 1478.4
38 703.84 1478.4
38 737.26 1467.26
38 759.55 1467.26
38 731.94 -533.9
38 731.94 -605.63
38 670.41 -1032.73
38 659.27 -1021.59
38 703.84 -1021.59
38 714.98 -1032.73
38 737.26 -1032.73
38 759.55 -1032.73
38 -585.79 2318.13
38 -585.79 2278.76
38 -641.3 1894.22
38 -641.3 1965.94
38 -540.52 1894.22
38 -540.52 1965.95
38 -568.21 1311.28
38 -557.07 1300.14
38 -523.64 1378.13
38 -534.78 1389.27
38 -585.79 -181.87
38 -585.79 -221.24
38 -540.52 -605.77
38 -540.52 -534.05
38 -641.3 -605.78
38 -641.3 -534.05
38 -534.78 -1110.73
38 -557.07 -1199.86
38 -568.21 -1188.72
38 -523.64 -1121.87
38 -842.86 1894.37
38 -842.86 1966.09
38 -870.96 1478.4
38 -904.39 1467.26
38 -859.82 1467.26
38 -837.54 1467.26
38 -815.25 1467.26
38 -842.86 -605.63
38 -842.86 -533.9
38 -870.96 -1021.59
38 -859.82 -1032.73
38 -904.39 -1032.73
38 -837.54 -1032.73
38 -815.25 -1032.73
38 -915.53 1478.4
38 -915.53 -1021.59
38 -2160.59 2318.13
38 -2160.59 2278.76
38 -2115.32 1894.22
38 -2115.32 1965.95
38 -2131.87 1300.14
38 -2143.01 1311.28
38 -2098.44 1378.13
38 -2109.58 1389.27
38 -2160.59 -221.24
38 -2160.59 -181.87
38 -2115.32 -605.77
38 -2115.32 -534.05
38 -2109.58 -1110.73
38 -2143.01 -1188.72
38 -2131.87 -1199.86
38 -2098.44 -1121.87
38 -2216.1 1894.22
38 -2216.1 1965.94
38 -2390.05 1467.26
38 -2216.1 -605.78
38 -2216.1 -534.05
38 -2390.05 -1032.73
38 -2417.66 1966.09
38 -2417.66 1894.37
38 -2479.19 1467.26
38 -2434.62 1467.26
38 -2490.33 1478.4
38 -2445.76 1478.4
38 -2412.34 1467.26
38 -2417.66 -605.63
38 -2417.66 -533.9
38 -2479.19 -1032.73
38 -2445.76 -1021.59
38 -2490.33 -1021.59
38 -2434.62 -1032.73
38 -2412.34 -1032.73
38 -3735.39 2318.13
38 -3735.39 2278.76
38 -3790.9 1894.22
38 -3790.9 1965.94
38 -3690.12 1894.22
38 -3690.12 1965.95
38 -3706.67 1300.14
38 -3673.24 1378.13
38 -3717.81 1311.28
38 -3684.38 1389.27
38 -3735.39 -181.87
38 -3735.39 -221.24
38 -3790.9 -605.78
38 -3790.9 -534.05
38 -3690.12 -605.77
38 -3690.12 -534.05
38 -3684.38 -1110.73
38 -3706.67 -1199.86
38 -3717.81 -1188.72
38 -3673.24 -1121.87
38 -3992.46 1894.37
38 -3992.46 1966.09
38 -4020.56 1478.4
38 -4065.13 1478.4
38 -4053.99 1467.26
38 -4009.42 1467.26
38 -3987.14 1467.26
38 -3964.85 1467.26
38 -3992.46 -605.63
38 -3992.46 -533.9
38 -4020.56 -1021.59
38 -4009.42 -1032.73
38 -4053.99 -1032.73
38 -4065.13 -1021.59
38 -3987.14 -1032.73
38 -3964.85 -1032.73
38 -10724.2 2078.17
38 -10724.2 2118.17
38 -10724.2 1320.14
38 -10724.2 1280.14
40 4259.02 1918.63
40 4259.05 1941.53
40 4200.76 1311.28
40 4259.02 -581.36
40 4259.05 -558.46
40 4200.76 -1188.72
40 4008.07 2161.06
40 4008.03 2138.16
40 4108.6 1918.55
40 4108.64 1941.45
40 4009.42 1456.12
40 3998.28 1467.26
40 4189.62 1322.42
40 4156.19 1133.01
40 4189.62 1121.87
40 4167.33 1144.15
40 4178.48 1133.01
40 4008.07 -338.94
40 4008.03 -361.84
40 4108.6 -581.44
40 4108.64 -558.54
40 4009.42 -1043.88
40 3998.28 -1032.73
40 4189.62 -1177.58
40 4189.62 -1378.13
40 4156.19 -1366.99
40 4178.48 -1366.99
40 4167.33 -1355.84
40 3982.32 2081.82
40 3982.32 2010.09
40 3875.72 1478.4
40 3864.58 1489.54
40 3982.32 -418.18
40 3982.32 -489.9
40 3864.58 -1010.45
40 3875.72 -1021.59
40 2684.22 1918.63
40 2684.25 1941.53
40 2533.8 1918.55
40 2533.84 1941.45
40 2614.82 1322.42
40 2625.96 1311.28
40 2592.53 1144.15
40 2581.39 1133.01
40 2614.82 1121.87
40 2603.68 1133.01
40 2533.8 -581.44
40 2533.84 -558.54
40 2684.22 -581.36
40 2684.25 -558.46
40 2614.82 -1177.58
40 2625.96 -1188.72
40 2592.53 -1355.84
40 2614.82 -1378.13
40 2581.39 -1366.99
40 2603.68 -1366.99
40 2433.27 2161.06
40 2433.23 2138.16
40 2407.52 2081.82
40 2407.52 2010.09
40 2300.92 1478.4
40 2289.78 1489.54
40 2434.62 1456.12
40 2423.48 1467.26
40 2433.27 -338.94
40 2433.23 -361.84
40 2407.52 -418.18
40 2407.52 -489.9
40 2434.62 -1043.88
40 2423.48 -1032.73
40 2289.78 -1010.45
40 2300.92 -1021.59
40 1109.42 1918.63
40 1109.45 1941.53
40 1051.16 1311.28
40 1040.02 1322.42
40 1017.73 1144.15
40 1040.02 1121.87
40 1028.88 1133.01
40 1109.42 -581.36
40 1109.45 -558.46
40 1040.02 -1177.58
40 1051.16 -1188.72
40 1017.73 -1355.84
40 1040.02 -1378.13
40 1028.88 -1366.99
40 858.47 2161.06
40 858.43 2138.16
40 832.72 2081.82
40 959 1918.55
40 959.04 1941.45
40 832.72 2010.09
40 848.68 1467.26
40 859.82 1456.12
40 1006.59 1133.01
40 858.47 -338.94
40 858.43 -361.84
40 832.72 -418.18
40 959 -581.44
40 959.04 -558.54
40 832.72 -489.9
40 848.68 -1032.73
40 859.82 -1043.88
40 1006.59 -1366.99
40 714.98 1489.54
40 726.12 1478.4
40 714.98 -1010.45
40 726.12 -1021.59
40 -465.38 1918.63
40 -465.35 1941.53
40 -465.38 -581.36
40 -465.35 -558.46
40 -615.8 1918.55
40 -615.76 1941.45
40 -534.78 1322.42
40 -523.64 1311.28
40 -545.92 1133.01
40 -557.07 1144.15
40 -534.78 1121.87
40 -568.21 1133.01
40 -615.8 -581.44
40 -615.76 -558.54
40 -523.64 -1188.72
40 -534.78 -1177.58
40 -568.21 -1366.99
40 -557.07 -1355.84
40 -534.78 -1378.13
40 -545.92 -1366.99
40 -716.33 2161.06
40 -716.37 2138.16
40 -742.08 2081.82
40 -742.08 2010.09
40 -848.68 1478.4
40 -859.82 1489.54
40 -726.12 1467.26
40 -714.98 1456.12
40 -742.08 -418.18
40 -716.33 -338.94
40 -716.37 -361.84
40 -742.08 -489.9
40 -859.82 -1010.45
40 -726.12 -1032.73
40 -714.98 -1043.88
40 -848.68 -1021.59
40 -2040.15 1941.53
40 -2040.18 1918.63
40 -2098.44 1311.28
40 -2109.58 1322.42
40 -2131.87 1144.15
40 -2109.58 1121.87
40 -2143.01 1133.01
40 -2120.72 1133.01
40 -2040.15 -558.46
40 -2040.18 -581.36
40 -2098.44 -1188.72
40 -2109.58 -1177.58
40 -2143.01 -1366.99
40 -2109.58 -1378.13
40 -2131.87 -1355.84
40 -2120.72 -1366.99
40 -2291.17 2138.16
40 -2291.13 2161.06
40 -2316.88 2081.82
40 -2190.6 1918.55
40 -2316.88 2010.09
40 -2190.56 1941.45
40 -2300.92 1467.26
40 -2289.78 1456.12
40 -2291.17 -361.84
40 -2291.13 -338.94
40 -2316.88 -418.18
40 -2190.56 -558.54
40 -2190.6 -581.44
40 -2316.88 -489.9
40 -2300.92 -1032.73
40 -2289.78 -1043.88
40 -2434.62 1489.54
40 -2423.48 1478.4
40 -2434.62 -1010.45
40 -2423.48 -1021.59
40 -3614.98 1918.63
40 -3614.95 1941.53
40 -3614.95 -558.46
40 -3614.98 -581.36
40 -3865.93 2161.06
40 -3865.97 2138.16
40 -3765.4 1918.55
40 -3765.36 1941.45
40 -3864.58 1456.12
40 -3875.72 1467.26
40 -3673.24 1311.28
40 -3684.38 1322.42
40 -3717.81 1133.01
40 -3684.38 1121.87
40 -3695.52 1133.01
40 -3706.67 1144.15
40 -3865.97 -361.84
40 -3865.93 -338.94
40 -3765.4 -581.44
40 -3765.36 -558.54
40 -3864.58 -1043.88
40 -3875.72 -1032.73
40 -3673.24 -1188.72
40 -3684.38 -1177.58
40 -3695.52 -1366.99
40 -3684.38 -1378.13
40 -3706.67 -1355.84
40 -3717.81 -1366.99
40 -3891.68 2081.82
40 -3891.68 2010.09
40 -4009.42 1489.54
40 -3998.28 1478.4
40 -3891.68 -418.18
40 -3891.68 -489.9
40 -3998.28 -1021.59
40 -4009.42 -1010.45
42 6900 540
42 6840 540
42 6780 420
42 6720 420
42 6540 -2280
42 6420 -1260
42 6480 -1260
42 6360 -1620
42 6480 -2280
42 6360 -2640
42 6300 -1620
42 6300 -2640
42 4167.33 1277.85
42 4156.19 1288.99
42 4167.33 -1222.14
42 4156.19 -1211
42 2592.53 1277.85
42 2581.39 1288.99
42 2581.39 -1211
42 2592.53 -1222.14
42 1017.73 1277.85
42 1017.73 -1222.14
42 1006.59 1288.99
42 1006.59 -1211
42 -557.07 1277.85
42 -568.21 1288.99
42 -557.07 -1222.14
42 -568.21 -1211
42 -2143.01 1288.99
42 -2131.87 1277.85
42 -2131.87 -1222.14
42 -2143.01 -1211
42 -3717.81 1288.99
42 -3706.67 1277.85
42 -3706.67 -1222.14
42 -3717.81 -1211
48 8800.2 -2840.65
48 8740.2 -2840.65
48 8501.23 -1888.31
48 8541.81 -2609.01
48 8601.81 -2609.01
48 8441.23 -1888.31
48 7943.71 490.3
48 7883.71 490.3
48 7883.71 250.3
48 7943.71 370.3
48 7883.71 370.3
48 7823.71 250.3
48 7200 180
48 7260 180
48 7080 540
48 7020 540
48 6780 540
48 6720 540
48 6600 -1260
48 6540 -1260
48 6420 -1500
48 6480 -1500
48 4189.62 1277.85
48 4178.48 1266.71
48 4189.62 -1222.14
48 4178.48 -1233.28
48 2614.82 1277.85
48 2603.68 1266.71
48 2614.82 -1222.14
48 2603.68 -1233.28
48 1040.02 1277.85
48 1028.88 1266.71
48 1040.02 -1222.14
48 1028.88 -1233.28
48 -534.78 1277.85
48 -545.92 1266.71
48 -534.78 -1222.14
48 -545.92 -1233.28
48 -2120.72 1266.71
48 -2109.58 1277.85
48 -2109.58 -1222.14
48 -2120.72 -1233.28
48 -3695.52 1266.71
48 -3684.38 1277.85
48 -3684.38 -1222.14
48 -3695.52 -1233.28
